>> s_h_fir

s_h_fir =

         0
         0
         0
         0
         0
    1.0000
    1.0000
    0.8400
    0.8400
    1.1117
    1.1117
    0.8873
    0.8873
    0.6475
    0.6475
    0.4201
    0.4201
    0.2592
    0.2592
    0.2545
    0.2545
    0.3473
    0.3473
    0.5004
    0.5004
    0.6403
    0.6403
    0.7181
    0.7181
    0.7181
    0.7181
    0.6538
    0.6538
    0.5620
    0.5620
    0.4815
    0.4815
    0.4401
    0.4401
    0.4456
    0.4456
    0.4872
    0.4872
    0.5425
    0.5425
    0.5885
    0.5885
    0.6099
    0.6099
    0.6035
    0.6035
    0.5770
    0.5770
    0.5439
    0.5439
    0.5178
    0.5178
    0.5070
    0.5070
    0.5126
    0.5126
    0.5293
    0.5293
    0.5490
    0.5490
    0.5637
    0.5637
    0.5690
    0.5690
    0.5646
    0.5646
    0.5541
    0.5541
    0.5425
    0.5425
    0.5343
    0.5343
    0.5319
    0.5319
    0.5350
    0.5350
    0.5416
    0.5416
    0.5484
    0.5484
    0.5529
    0.5529
    0.5540
    0.5540
    0.5517
    0.5517
    0.5477
    0.5477
    0.5437
    0.5437
    0.5412
    0.5412
    0.5409
    0.5409
    0.5424
