>> i_h_fir

i_h_fir =

         0
         0
         0
         0
         0
    1.0000
    0.0000
   -0.1600
    0.0000
    0.2717
    0.0000
   -0.2244
    0.0000
   -0.2398
   -0.0000
   -0.2274
   -0.0000
   -0.1610
   -0.0000
   -0.0047
   -0.0000
    0.0928
    0.0000
    0.1531
    0.0000
    0.1399
    0.0000
    0.0779
    0.0000
   -0.0001
    0.0000
   -0.0643
   -0.0000
   -0.0918
   -0.0000
   -0.0805
   -0.0000
   -0.0414
   -0.0000
    0.0056
   -0.0000
    0.0415
    0.0000
    0.0553
    0.0000
    0.0460
    0.0000
    0.0214
    0.0000
   -0.0064
    0.0000
   -0.0266
   -0.0000
   -0.0331
   -0.0000
   -0.0261
   -0.0000
   -0.0108
   -0.0000
    0.0056
   -0.0000
    0.0168
    0.0000
    0.0197
    0.0000
    0.0147
    0.0000
    0.0053
    0.0000
   -0.0043
    0.0000
   -0.0105
   -0.0000
   -0.0116
   -0.0000
   -0.0082
   -0.0000
   -0.0024
   -0.0000
    0.0032
    0.0000
    0.0065
    0.0000
    0.0068
    0.0000
    0.0046
    0.0000
    0.0010
    0.0000
   -0.0022
   -0.0000
   -0.0040
   -0.0000
   -0.0040
   -0.0000
   -0.0025
   -0.0000
   -0.0004
   -0.0000
    0.0015